Height (km),Zonal(U) (m/s),Meridional(V) (m/s),Vertical (W) (m/s)
0.315,3.9249,-0.31656,0.35708
0.36026163,2.3708,0.16234,0.15451
0.40552326,1.9566,0.071434,0.084819
0.45078489,2.8022,-0.76415,0.08314
0.49604652,2.9694,-0.98709,0.056445
0.54130815,2.8006,-1.6404,-0.055793
0.58656978,3.3756,-1.6282,-0.035892
0.63183141,3.3956,-2.2001,-0.05503
0.6770930399999999,3.3472,-2.7188,-0.057418
0.7223546700000001,4.1753,-2.297,-0.029857
0.7676163,4.2526,-2.2897,-0.036196
0.81287793,5.706,-2.8506,-0.094953
0.8581395599999999,6.2257,-3.0605,-0.036343
0.9034011900000001,6.7835,-3.4357,0.0055413
0.94866282,7.1563,-3.5719,0.0093883
0.99392445,7.2616,-4.0974,0.010758
1.0391861,7.6003,-3.8794,0.04241
1.0844477,7.6032,-3.7264,-0.0079663
1.1297093,8.1055,-3.5518,-0.042633
1.174971,7.9358,-4.1173,0.033359
1.2202326000000001,8.9354,-4.4617,0.031172
1.2654942,9.3391,-4.7714,0.025437
1.3107559000000002,9.0461,-5.5026,0.014264
1.3560174999999999,9.4113,-5.5244,0.017173
1.4012791,9.2955,-5.0016,0.02667
1.4465407000000001,10.3,-4.2503,-0.025748
1.4918024,10.269,-4.2274,-0.0010589
1.537064,10.805,-5.0093,-0.08087
1.5823255999999999,11.125,-5.3947,-0.075299
1.6275872999999998,11.419,-5.0206,-0.089731
1.6728489,10.91,-5.0217,-0.085519
1.7181105,10.67,-4.7341,-0.015161
1.7633722,11.084,-5.0978,0.0072524
1.8086338,10.349,-4.9724,-0.003353
1.8538954,10.198,-5.6572,0.013535
1.899157,10.017,-6.331,0.035446
1.9444187,10.083,-5.9994,0.074731
1.9896803,9.1077,-5.8503,0.11019
2.0349419,8.996,-6.0156,0.16494
2.0802036,8.9821,-6.1101,0.11294
2.1254652000000003,8.8704,-6.1801,0.098392
2.1707267999999997,8.1832,-5.6926,0.070894
2.2159884,8.2517,-5.2761,0.097534
2.2612501000000003,8.1071,-5.3696,0.039021
2.3065117,7.961,-5.2428,0.033196
2.3517732999999996,8.1433,-5.1834,-0.00086447
2.397035,6.3601,-4.3111,-0.024784
2.4422966,6.0538,-3.9143,-0.026646
2.4875582,6.5182,-3.7168,0.00044908
2.5328199,6.6579,-3.5767,-0.016564
2.5780814999999997,7.0747,-3.9494,-0.066771
2.6233431,7.2864,-4.6037,-0.089878
2.6686047,7.0599,-5.078,-0.055764
2.7138663999999997,6.7766,-5.9814,-0.096313
2.759128,6.0887,-5.2719,-0.064815
2.8043896,6.0749,-4.8233,-0.12024
2.8496513,5.5728,-4.0103,-0.1309
2.8949129,5.367,-3.1622,-0.2
2.9401745,5.2586,-3.082,-0.23377
2.9854362,5.0046,-3.0615,-0.29964
3.0306978,3.0948,-3.7098,-0.38554
3.0759594000000003,3.1068,-5.1765,-0.27467
3.121221,1.7437,-4.8372,-0.27651
3.1664827,1.5066,-4.2824,-0.32152
3.2117443,1.2152,-6.1185,-0.12656
3.2570059000000002,0.58207,-5.209,-0.22378
3.3022676,0.2892,-5.4017,-0.22371
3.3475292,0.096499,-4.8901,-0.2041
3.3927908,-0.36102,-4.7617,-0.22285
3.4380524,-0.43218,-4.8775,-0.203
3.4833141,-0.91963,-4.2811,-0.20434
3.5285756999999998,-1.4586,-3.6165,-0.17932
3.5738373,-1.3274,-2.8171,-0.1638
3.6190990000000003,-1.1367,-2.7182,-0.20966
3.6643606,-1.5649,-2.8431,-0.16649
3.7096221999999996,-1.6886,-2.9808,-0.24307
3.7548839,-1.9404,-3.3772,-0.26068
3.8001455,-1.3398,-3.721,-0.26431
3.8454071,-1.9384,-3.4752,-0.27941
3.8906687,-1.3908,-3.3206,-0.37388
3.9359304,-1.4614,-3.3502,-0.37664
3.981192,-2.1343,-2.8116,-0.32253
4.0264536,-2.5542,-2.7335,-0.27393
4.0717153,-2.5728,-2.4899,-0.18994
4.1169769,-2.2305,-1.7555,-0.15459
4.1622385,-1.446,-1.2314,-0.021969
4.2075002,-1.7117,-1.1299,-0.024873
4.2527618,-1.7714,-1.3633,0.0050781
4.2980234,-1.7159,-1.1028,0.021527
4.343285,-2.1643,-1.4546,0.020818
4.3885467,-2.3475,-1.8667,0.012684
4.4338083,-2.8681,-1.9258,0.03126
4.479069900000001,-2.9461,-2.4709,0.035717
4.5243316,-3.3313,-3.1388,0.041682
4.5695932,-3.5458,-3.3051,0.075156
4.6148548,-3.8409,-3.9037,0.1057
4.6601165,-3.3346,-4.2852,0.10886
4.7053781,-3.9459,-4.4388,0.12379
4.7506397,-3.7961,-4.7158,0.12154
4.795901300000001,-4.1259,-4.9333,0.074497
4.841163,-4.0246,-5.3608,0.09909
4.886424600000001,-3.8682,-5.7594,0.098982
4.9316862,-3.6655,-5.5798,0.086017
4.9769479,-3.8858,-5.9379,0.1053
5.0222095,-3.5513,-6.5249,0.053887
5.0674711,-3.4061,-7.0362,0.071329
5.1127327,-3.251,-6.9686,0.12281
5.1579944,-3.0053,-6.9398,0.10039
5.2032560000000005,-2.7107,-6.6438,0.12616
5.2485176000000004,-2.2931,-5.8856,0.15029
5.2937793,-2.7095,-5.9534,0.15303
5.3390409,-3.4111,-5.4698,0.15578
5.3843024999999995,-3.8802,-4.8083,0.12046
5.4295642,-4.0073,-4.1452,0.12273
5.4748258,-4.1116,-4.0949,0.11943
5.5200874,-3.3476,-4.6505,0.14382
5.565349,-2.736,-6.3183,0.14393
5.6106107000000005,-2.5896,-7.0546,0.075726
5.6558723,-2.3824,-7.1984,0.092179
5.701133899999999,-1.9527,-6.6042,0.0379
5.7463956,-2.1937,-5.2893,0.023638
5.7916571999999995,-3.0012,-5.6498,0.0017573
5.8369188,-2.9425,-3.8453,0.053956
5.8821805000000005,-3.5874,-3.9008,0.078385
5.9274421,-3.7945,-3.085,0.068568
5.9727037,-3.8277,-2.8857,0.056285
6.0179653,-3.949,-2.7853,0.034743
6.0632269999999995,-4.1472,-2.6257,0.075391
6.108488599999999,-4.288,-2.1529,0.096576
6.1537502,-3.8416,-1.9407,0.072119
6.1990119,-3.6177,-0.93841,0.046548
6.2442735,-3.3301,-0.072872,0.10579
6.2895351,-3.8291,1.1567,0.12528
6.3347968,-3.0895,1.3085,0.13339
6.3800584,-2.5241,0.76803,0.15255
6.42532,-1.826,0.63725,0.1285
6.4705816,-1.6065,0.0078934,0.13396
6.5158433,-1.7103,-0.4961,0.12662
6.5611049,-1.874,-0.70864,0.14557
6.6063665,-2.2563,-0.67641,0.11783
6.6516282,-1.8574,-0.50878,0.18331
6.6968898,-1.7477,-0.017167,0.16541
6.7421514,-1.1206,0.21388,0.16379
6.787413,-1.7945,-0.55152,0.11696
6.832674699999999,-0.14631,0.17309,0.16928
6.8779363,0.22225,0.87277,0.19131
6.9231979,-1.1735,0.87646,0.17554
6.9684596,-1.5328,0.5952,0.19644
7.1525808,-1.0489,1.2831,0.14176
7.334516300000001,0.56005,2.8681,0.13898
7.5164518,1.2411,3.9241,0.10943
7.6983873,0.0014597,4.4324,0.057851
7.8803228,-0.44189,4.9036,0.045122
8.0622583,-0.56854,5.2211,0.062712
8.2441938,0.26302,4.4495,0.042235
8.4261292,0.40015,3.4412,0.038368
8.608064700000002,-0.92345,2.2472,0.060171
8.7900002,-1.654,1.9652,0.057064
8.9719357,-2.5281,1.4625,0.030913
9.1538712,-2.9929,1.3273,0.021048
9.3358067,-1.6193,1.3102,0.018594
9.5177422,-1.3832,1.8333,0.021394
9.6996777,-2.1918,2.1583,0.072945
9.8816132,-4.8767,3.3512,0.2244
10.063549,-5.2158,3.9723,0.24037
10.245484000000001,-5.1571,5.4991,0.21904
10.42742,-5.3414,5.6848,0.22297
10.609354999999999,-6.1852,6.7912,0.29482
10.791291,-7.9828,6.9661,0.21249
10.973226,-10.304,8.942,0.30979
11.155162,-13.153,9.5194,0.025585
11.337097,-14.463,10.708,0.23253
11.519033,-14.951,11.8,0.1211
11.700968000000001,-15.453,14.987,0.33345
11.882904,-15.827,16.532,0.33351
12.064839,-17.008,17.385,0.38384
12.246775,-18.04,16.404,0.17995
12.428709999999999,-20.076,14.775,0.4556
12.610646000000001,-22.974,14.343,0.23921
12.792581,-23.378,13.374,0.35689
12.974517,-25.098,10.083,0.55683
13.156452,-24.429,7.7041,0.35702
13.338388,-24.315,7.2336,0.3283
13.520323000000001,-22.794,6.0803,0.37689
13.702258,-22.584,4.225,0.20291
13.884193999999999,-22.563,3.5819,0.3589
14.066129,-21.256,1.7595,0.4295
14.248065,-21.057,1.2681,0.37765
14.43,-23.615,1.7478,0.35641
14.611936,-23.809,-1.9987,0.23682
14.793871,-24.73,-1.4701,0.057467
14.975807000000001,-26.414,-2.1894,0.20869
15.157742,-29.619,-4.1569,0.20229
15.339678,-29.961,-4.8448,0.19891
15.521612999999999,-32.032,-4.539,0.13914
15.703549,-31.56,-4.6003,0.1903
15.885484,-32.179,-0.41251,0.18612
16.06742,-31.82,0.9466,0.13157
16.249355,-34.471,2.0428,0.0076441
16.431291,-35.62,3.1884,0.036546
16.613225999999997,-37.65,1.8132,-0.76074
16.795162,-34.436,5.156,-0.77775
16.977097,-33.105,13.065,-0.82458
17.159033,-36.13,8.9553,-0.51951
17.340968,-39.604,6.891,-0.43802
17.522903999999997,-39.011,6.4343,-0.069484
17.704839,-39.935,6.6984,-0.19026
17.886775,-43.343,10.008,0.20192
