Height (km),Zonal(U) (m/s),Meridional(V) (m/s),Vertical (W) (m/s)
0.315,4.0256,-0.72925,-0.44616
0.36026163,4.6465,-0.73184,-0.36405
0.40552326,5.1624,-0.04249,-0.31439
0.45078489,4.1093,-1.1005,-0.18298
0.49604652,4.9771,-1.7692,-0.15674
0.54130815,4.9721,-1.6735,-0.085301
0.58656978,4.9708,-1.3804,0.077306
0.63183141,7.0991,-2.308,0.2259
0.6770930399999999,7.4982,-2.4395,0.22784
0.7223546700000001,6.8682,-2.4999,0.13866
0.7676163,7.3193,-2.9258,0.18374
0.81287793,7.1771,-2.303,0.19
0.8581395599999999,6.239,-2.6537,0.1851
0.9034011900000001,5.4234,-3.0973,0.097016
0.94866282,4.7397,-3.8601,0.11465
0.99392445,5.8981,-4.0787,0.088129
1.0391861,6.4059,-4.6201,0.15699
1.0844477,6.9511,-3.5919,0.13837
1.1297093,9.2213,-2.5471,-0.12327
1.174971,8.7992,-2.437,-0.1494
1.2202326000000001,10.399,-2.6566,-0.16612
1.2654942,9.794,-2.7643,-0.079028
1.3107559000000002,9.5197,-3.0344,-0.030975
1.3560174999999999,10.205,-3.0837,-0.087118
1.4012791,9.6343,-2.3773,-0.076098
1.4465407000000001,8.5241,-2.6199,-0.083346
1.4918024,9.9912,-4.2816,-0.0043341
1.537064,10.743,-5.0369,0.0087797
1.5823255999999999,11.177,-4.7181,-0.017666
1.6275872999999998,10.911,-5.0214,0.056202
1.6728489,10.142,-5.2411,0.108
1.7181105,9.6651,-4.1965,0.044332
1.7633722,8.6647,-3.9988,0.066897
1.8086338,8.6998,-4.4093,0.039729
1.8538954,7.6923,-4.674,0.052806
1.899157,7.3854,-4.668,0.10016
1.9444187,7.491,-5.2636,0.080252
1.9896803,8.1415,-4.3361,0.027228
2.0349419,8.169,-4.344,-0.022946
2.0802036,7.3905,-3.8594,0.0015382
2.1254652000000003,7.489,-4.3217,0.015522
2.1707267999999997,7.5403,-5.0283,-0.019484
2.2159884,7.0403,-4.8465,-0.045019
2.2612501000000003,7.1403,-4.5152,-0.061524
2.3065117,7.5246,-4.0337,-0.11007
2.3517732999999996,8.0123,-4.3525,-0.1309
2.397035,7.5175,-4.2497,-0.1228
2.4422966,6.1726,-4.3903,-0.17092
2.4875582,5.8297,-5.0303,-0.15099
2.5328199,6.3095,-4.4821,-0.17958
2.5780814999999997,6.2132,-3.8863,-0.15395
2.6233431,5.6098,-3.9971,-0.091042
2.6686047,5.7737,-3.7022,-0.14392
2.7138663999999997,5.9974,-3.8607,-0.12906
2.759128,6.0772,-4.0503,-0.071945
2.8043896,4.6334,-4.5693,-0.051593
2.8496513,4.056,-4.8161,-0.03396
2.8949129,4.4056,-5.2896,-0.025864
2.9401745,3.3534,-5.5747,0.030956
2.9854362,2.9633,-5.4058,0.004571
3.0306978,3.0909,-5.9904,0.039129
3.0759594000000003,3.1179,-5.0665,0.036396
3.121221,2.9089,-4.6304,-0.02036
3.1664827,2.2965,-4.5445,-0.027476
3.2117443,2.198,-4.6721,-0.014694
3.2570059000000002,1.6298,-4.4308,-0.042133
3.3022676,0.76139,-3.8431,-0.045594
3.3475292,0.48698,-3.644,-0.0071595
3.3927908,0.10377,-3.7319,-0.025154
3.4380524,-0.7291,-3.298,-0.028511
3.4833141,-0.91429,-3.2648,-0.032447
3.5285756999999998,-1.0582,-2.9772,-0.017735
3.5738373,-1.0883,-2.7557,-0.030082
3.6190990000000003,-1.3627,-2.4989,-0.0011412
3.6643606,-1.4214,-2.3749,0.0047873
3.7096221999999996,-1.2675,-2.1815,-0.020814
3.7548839,-0.92294,-1.8605,-0.025785
3.8001455,-0.42406,-1.3176,-0.054261
3.8454071,-0.10784,-1.2371,-0.082488
3.8906687,0.30044,-1.2906,-0.083408
3.9359304,0.20234,-1.849,-0.082598
3.981192,-0.14725,-2.4264,-0.1007
4.0264536,-0.15412,-2.5311,-0.096115
4.0717153,-0.21625,-2.629,-0.056411
4.1169769,-0.81524,-2.6234,-0.047041
4.1622385,-1.1193,-2.9842,-0.006914
4.2075002,-2.0389,-3.261,0.022159
4.2527618,-2.8932,-3.2927,0.051702
4.2980234,-3.3522,-3.3181,0.058603
4.343285,-3.2846,-2.6814,0.080992
4.3885467,-3.3677,-2.76,0.049144
4.4338083,-3.1168,-2.7114,0.0028536
4.479069900000001,-3.3868,-2.3307,0.046848
4.5243316,-3.4972,-2.4052,0.067919
4.5695932,-3.4179,-2.0537,0.080768
4.6148548,-3.5128,-1.6092,0.081679
4.6601165,-3.6571,-1.4413,0.089829
4.7053781,-3.9108,-1.5431,0.066655
4.7506397,-3.2244,-1.2975,0.07569
4.795901300000001,-2.8355,-1.063,0.052392
4.841163,-2.3666,-0.72573,0.043306
4.886424600000001,-2.468,-0.32,0.0183
4.9316862,-2.3718,-0.25028,-0.01556
4.9769479,-2.1513,-0.42064,-0.024614
5.0222095,-1.8857,-0.73678,-0.014877
5.0674711,-1.7091,-0.77071,-0.012014
5.1127327,-1.8123,-1.0314,-2.3577e-05
5.1579944,-1.5726,-1.0813,0.0027215
5.2032560000000005,-1.7953,-1.3225,0.0068349
5.2485176000000004,-2.0438,-1.8027,-0.017502
5.2937793,-2.3259,-1.8487,-0.012296
5.3390409,-2.4061,-1.6462,0.010844
5.3843024999999995,-1.7864,-1.9704,0.041153
5.4295642,-0.94345,-2.0747,0.057827
5.4748258,-0.79363,-2.2278,0.018444
5.5200874,-0.85561,-1.7238,0.02384
5.565349,-0.52994,-2.2325,0.056045
5.6106107000000005,-1.0411,-2.3444,0.057403
5.6558723,-1.9061,-2.1247,0.075257
5.701133899999999,-1.2566,-2.3058,0.08533
5.7463956,-0.46018,-2.7248,0.095591
5.7916571999999995,-0.20345,-3.0463,0.078781
5.8369188,0.11903,-3.0385,0.096121
5.8821805000000005,0.024965,-2.9019,0.11707
5.9274421,-0.12482,-2.5721,0.15289
5.9727037,-0.20912,-2.0779,0.15118
6.0179653,0.051341,-1.8724,0.1707
6.0632269999999995,-0.40757,-1.3001,0.13014
6.108488599999999,-0.65064,-1.2657,0.07429
6.1537502,-1.3761,-1.2623,0.069105
6.1990119,-1.1786,-1.6576,0.018447
6.2442735,-1.0904,-0.75216,-0.022912
6.2895351,-0.77825,-0.3132,0.032385
6.3347968,-1.0617,-0.28021,0.016847
6.3800584,-1.141,-0.67932,0.073162
6.42532,-0.91219,-0.78837,0.077498
6.4705816,-1.1766,-1.0081,0.032869
6.5158433,-0.67577,-1.1353,0.041426
6.5611049,-1.0956,-0.36943,0.021143
6.6063665,-1.6288,-0.28847,0.024633
6.6516282,-0.9019,-0.097028,0.15578
6.6968898,-0.65085,0.059298,0.111
6.7421514,-0.1744,0.17594,0.13257
6.787413,0.37,1.1465,0.10563
6.832674699999999,0.66193,1.3246,0.10804
6.8779363,0.89399,1.4251,0.066844
6.9231979,0.97946,1.1345,0.04506
6.9684596,1.24,0.8137,0.085856
7.1525808,-0.20655,-0.2182,0.16676
7.334516300000001,-0.21693,-0.61378,0.15896
7.5164518,0.27693,-1.1248,0.15453
7.6983873,0.66795,0.9727,0.042859
7.8803228,-0.1318,1.6548,0.085673
8.0622583,-1.2092,1.7435,0.012325
8.2441938,-2.9619,1.8203,-0.054924
8.4261292,-3.8047,2.9139,-0.050658
8.608064700000002,-4.5549,3.3854,-0.053241
8.7900002,-6.321,2.2366,0.026871
8.9719357,-6.892,-0.45076,0.039334
9.1538712,-7.4496,-0.66799,0.097772
9.3358067,-6.5226,-0.86894,0.098582
9.5177422,-6.5393,-0.32547,0.077324
9.6996777,-6.9449,-0.54235,0.04172
9.8816132,-7.3239,-0.58837,0.10352
10.063549,-4.9733,0.82929,-0.078774
10.245484000000001,-3.4315,1.3941,-0.005727
10.42742,-3.4627,4.7904,-0.0083663
10.609354999999999,-5.5352,5.1375,0.13415
10.791291,-8.2201,7.4399,-0.065319
10.973226,-10.424,9.3943,0.25639
11.155162,-11.596,11.192,0.094215
11.337097,-15.163,13.367,0.2022
11.519033,-14.802,13.918,0.17613
11.700968000000001,-19.138,13.166,0.19148
11.882904,-19.591,13.066,0.18465
12.064839,-22.532,11.745,0.11634
12.246775,-23.139,11.507,0.17834
12.428709999999999,-23.079,9.0469,0.23665
12.610646000000001,-20.368,9.7862,0.10334
12.792581,-19.672,8.1722,-0.0066105
12.974517,-19.237,6.1563,0.21803
13.156452,-19.646,4.4975,-0.036788
13.338388,-17.923,2.287,0.13446
13.520323000000001,-18.131,-0.047621,0.17075
13.702258,-18.973,0.94505,0.19857
13.884193999999999,-19.918,-2.2728,0.27082
14.066129,-20.411,-2.7196,0.2567
14.248065,-20.623,-4.1791,0.34721
14.43,-20.584,-2.9441,0.25905
14.611936,-21.194,-4.4527,0.13895
14.793871,-21.048,-3.7895,0.13894
14.975807000000001,-22.131,-3.5934,0.11305
15.157742,-22.88,2.8847,0.19513
15.339678,-22.138,2.5916,0.24277
15.521612999999999,-23.025,3.503,0.20027
15.703549,-31.216,4.0979,0.066135
15.885484,-31.338,3.8745,0.24706
16.06742,-33.177,3.8063,0.15074
16.249355,-32.256,4.5662,0.059655
16.431291,-33.232,1.2165,0.21994
16.613225999999997,-34.922,4.6244,0.3524
16.795162,-36.961,4.0476,0.12438
16.977097,-37.45,2.9823,-0.0017379
17.159033,-41.89,-0.5244,0.046209
17.340968,-42.438,-1.5495,0.048377
17.522903999999997,-36.831,-5.9415,-0.3162
17.704839,-38.027,-9.5116,-0.51045
17.886775,-35.961,-12.222,-0.17786
